4 -0.5066807945607734
2 -0.9762399231574058
4 -0.9063281306697144
1 0.5541058236746198
4 -0.6608614733665981
1 -0.39409890498577976
4 -1.2368646299431576
0 1.292871463140753
2 0.16981507800662443
0 0.05995263371135917
5 0.2823912577406986
4 -1.3975391627503495
4 0.9094999174323561
2 0.7323295085762316
0 -0.48139819698578973
0 -0.4148105400509488
2 1.5547900657089198
0 -0.5435929324473441
4 -1.5881723624183421
5 1.2319947862326412
4 -1.0344864336749255
5 0.9349110540966188
3 2.1351667235563143
3 0.9127267229880252
4 -0.045188386865005814
0 -0.7736290731891272
5 0.05255371865991787
3 1.748344432912051
2 0.9831134672956121
0 -0.8499240827772355
3 0.6072289616906814
0 0.5560598277403637
1 1.1583266792943623
2 -1.3185289840395873
0 -0.309650708284587
0 -0.438216386771852
0 1.6776435453920246
1 1.1866549471555283
2 0.15194576784677982
3 -0.09434242724032316
5 2.7064948404272418
5 1.3591193007340516
5 -0.084000069413106
0 0.37522966792765666
2 0.198034328964237
2 -1.2475800973374653
4 -2.3978954561896018
1 1.251555683716951
2 -1.451335713617357
1 0.22460705118829366
5 1.6888049437472068
2 -1.389957532372655
1 -1.1038706668667304
1 1.439769964106441
0 1.4049963733858732
0 -0.3206975367700733
4 -2.081862667085862
2 0.04441791769089276
0 1.3963209873351659
1 1.7062108603716821
3 0.6095800969599721
2 -1.2053890096369761
4 -1.0808810701301539
5 0.23495894729948774
3 1.6215295271875543
1 0.41642403691449037
5 2.0018403846403827
0 1.1810065504576948
4 -2.555637522702293
1 -1.1154559701070692
4 -1.6045402809940421
2 0.060295851259492994
2 -0.6055412892937632
3 -0.6889271706129151
3 2.3581647353406514
3 0.28001833240406304
3 0.2145898629722075
1 0.2605288507925526
1 -0.9549392765837457
4 -2.2443639015595043
2 -0.16312875500869461
5 0.6131237920525762
2 0.457167566241814
0 -1.1875909896506363
1 0.48097082906082544
5 1.4815000488994978
3 1.1715909068214816
0 -0.904941471367506
0 0.5108797215671519
2 0.18687238659536054
1 1.0532053119869398
1 1.833061333872929
2 -2.076542335253312
0 0.21584273272680782
3 0.5566556805081881
5 0.4947872556455861
2 -0.5893300914970063
1 -0.3172047788950734
4 -0.882684998736168
0 -0.09869459756423242
5 1.7379486457505327
1 -0.32735708129083135
4 -0.4461569400556742
3 -0.5447584816705585
0 -0.8522696005482515
3 -1.5386467203844467
5 1.134772231544259
0 0.3427637957468549
2 -0.6799131702400611
3 2.522629518886346
5 3.2337763435694833
0 0.9453162871098061
1 0.39154267783169766
0 0.041834506442412225
0 -0.4143477642996203
3 0.857692648496289
1 0.42944521004550734
2 -3.0859036814372325
5 -0.638055121633305
0 1.0599724191058255
5 -0.3504606740250287
2 0.8171858921700856
0 1.1948778511939064
2 -1.6550735277893327
0 -0.32635674884429106
3 0.3088420923118539
0 -0.7548874990914575
3 -0.5431455588281445
4 -0.8353630701689686
1 1.4437413363384406
2 -0.8084210005599421
4 -0.5066849108707986
1 0.8140001405154917
1 0.3459033635984087
3 2.0181290807116525
2 -1.613099232199114
2 -1.4389366724550077
5 0.614693432505917
5 0.6132813059638484
2 -1.24372905905618
4 -2.2184203683951678
3 0.07355047638995726
1 -0.04200393583762607
2 -0.05579150039889269
2 0.3773502495148059
1 0.8540984294260416
2 -0.6789425536618823
3 1.4010505001775058
3 3.172495129504236
4 -1.356031401944218
0 -0.5900593849234103
5 2.6092438906568516
0 -0.19392079166448895
0 0.06193625294344255
3 1.5112467046194067
3 2.470570037277561
0 0.9607142491695406
4 -1.3521368949003252
0 1.9133224405561724
1 0.27476886546305523
5 1.1101720085441298
4 -1.858655736801318
1 0.010437950985617672
1 -0.5238208819110519
4 -1.0650067059637853
5 2.289417814781909
0 0.3181917623739542
4 -3.1277366004878626
1 0.43344518333680104
1 -1.1973705300187152
3 0.5563623878026943
2 -1.0216949244558804
3 0.9614048307716946
3 2.85226020666267
1 -0.8345739002615116
1 1.5519623847137693
1 1.1648002850263681
3 1.016968469018017
2 -1.076784521941149
5 1.7957071569755878
3 0.9585760856035099
4 -0.07142269687938407
0 -0.884229152330691
2 -0.18189981448812997
3 -0.018435661926807567
3 1.6358458847355952
3 0.11293943029816378
5 2.5160055415079414
2 -0.8495227422729523
0 0.06299094722714516
4 -1.117818200785708
1 -0.4375999298110425
1 1.0999646099640965
5 1.9951908032975783
1 0.5037898685633931
4 -1.5818909562812444
2 -0.7869768093851418
1 1.1956562868910552
0 -1.4257032270176728
5 0.23024770236426728
1 1.5342297560667237
0 -1.1188410884182305
2 0.2771582928029003
1 -0.7651407092476397
3 0.2871890677057748
1 0.5235162948653234
1 0.6541377438829767
2 -1.1313171670911293
2 -0.8186872660203577
3 0.634773364222671
4 0.39107108155991344
3 0.20828482366382506
5 -0.19301392912144233
3 0.8930781814404826
3 2.150774185725994
0 -0.5824026766419139
1 -2.488303686146761
5 1.9065898476050758
3 0.46611320712074655
3 1.1191396163193077
3 0.26833708849971605
2 -1.3437594368869226
3 1.6149513241192865
5 0.6739191070226993
1 0.9358190097430734
3 1.4259152874695418
4 -0.9691702469652287
4 0.6952344301682007
2 -0.7670736323602766
5 0.8622757751130516
1 0.13790524007544858
1 -0.7682191978060715
5 0.8385040488451676
0 -0.19831577181433382
5 1.5469223368339993
4 -2.349258296442656
4 -2.068102973147098
2 -0.8861195833284834
3 2.0698845946181765
3 -0.15466366826545186
3 -0.531287881144216
4 -1.328313453626046
0 0.3475382522931245
3 1.2037465318725955
4 -2.0592455976696074
3 -0.34059402100605507
4 -1.7354832287345192
5 1.04953847565621
5 2.268257486640957
5 0.691909248872219
0 0.6605094562726676
5 1.8330198907441035
4 -1.5068046745102497
0 -1.7038617549255923
5 -0.7209248078588724
2 -1.1380137545439775
3 0.8762418355731278
1 -0.5070610379981106
2 -0.9555053429559874
4 -1.078170462291795
3 0.38990826081158586
0 0.2786740969540819
4 -0.2441510719540697
4 -0.5141733814587132
1 0.3697013540869444
1 0.11429372879641075
0 -1.0739338253715918
0 -1.5745123581753522
1 0.22568806190544988
3 1.2843583258002946
4 0.4622983137425809
1 0.12374558706566594
5 0.5106174480154855
5 2.0811195061721306
0 0.5520292392730284
3 1.2169190204323168
4 -0.42847411833927596
4 0.8851138033300321
4 -0.0721721609549042
0 0.1989939299426466
0 -0.45448972965524465
4 -0.7288812495196103
4 -0.930043006776466
2 -1.0341558214724418
2 -1.634000149816123
5 1.2920457518792512
4 -2.7997654279107627
1 -0.18923912384538294
2 0.42963117478148993
0 0.7505856342734742
1 -0.5290802279062654
5 1.4312808558246513
0 -0.273598873128025
2 -0.04529977263174212
4 -0.2813254194753182
5 0.6125944385341193
2 1.26767345854983
1 0.5549167848145482
1 1.949836517335552
2 -1.25770352800309
5 1.6582369353939237
1 1.3569361786380199
3 0.7399967929046498
3 1.0324089141257136
0 -1.3615330508657164
2 0.970026793625772
2 -0.02754304159573151
1 -0.5224905057720579
1 1.043758289359822
2 0.21866078863364613
4 -1.396223162286543
2 0.03319210296825503
4 -0.018020510083381902
5 2.2078856235810322
4 -1.4367768377822348
3 -2.1372891665341833
3 1.3284276441471117
0 -0.6317010034556286
0 -0.06393367463827483
3 0.0562397670092919
3 1.0284292132761528
2 0.09947704895829002
2 -0.27448182411403427
4 -1.3950840758184642
4 -0.7477855359144491
5 1.9978033189782802
4 -2.150590145431711
5 2.244515140610326
0 -0.08752974763958651
5 -0.18371299329097113
0 -0.19510383796501163
1 1.4665243906896455
2 -2.7681607463728266
5 2.978865856488671
1 -0.1449050909716456
4 -1.0449177435250918
0 -0.7642195323208613
3 1.2413893649876597
4 -1.8650160066111976
0 -0.6066190060837727
5 1.214701803689132
3 1.1849345642329463
5 -0.9319319949598888
5 0.628421164639605
2 -2.2667400707438827
1 0.26178958080878617
2 -0.6549119726553456
5 1.5518988253921946
1 0.7507287287195374
0 0.07037392113432887
4 -0.8891518304247401
3 -1.145956430088852
5 1.758242292289773
0 1.545001458012371
3 0.588406564366728
5 1.1016776792077307
4 -1.6030080749608775
3 2.1629602386673534
5 2.4895821363686377
4 -1.7242237167286558
2 -0.1960450307890657
3 2.5467980980893365
2 1.916292172820091
0 0.9913288166181107
2 0.0037175775501108177
4 -0.7229073029680969
4 -1.2615045526914368
0 0.3190747218267234
5 1.2924674306268424
3 0.19618854892896442
4 -0.3510567930120202
3 3.4668523692300233
2 0.023910543458349753
3 1.187289196833493
2 -0.046086994890737754
0 0.45348191128756626
4 -1.7134196580811172
4 -0.7012872265078078
3 0.6153868637024493
4 0.9062944826699302
1 -0.3040877399296303
5 1.5581526459062365
4 1.0445533274691583
0 -0.016554467593714192
2 -0.036383751310514634
4 -1.0156479421940665
1 -0.2091188576609636
3 -0.17469261869736386
5 1.814802154013896
5 1.616236668837013
3 0.2937225367658637
5 2.48462731990776
1 1.285360646908454
4 -0.1305341030815158
0 -1.7180641616172636
1 0.10551066665443543
1 -0.2953271841781558
5 1.5529436602079334
1 -0.9134150166220794
1 -0.13378068008719995
3 2.145105995353838
2 0.2583697220862816
2 1.232123766549842
0 0.5268310204416707
2 -2.3614632125171338
3 2.014021421401725
2 -3.0354575549902214
5 2.0692348398148233
3 -0.7820699422338403
3 1.2128289540736668
5 2.463931533245187
5 0.9825339921588757
3 0.13346603009637992
5 1.0882392490035124
2 -0.25545602511919574
5 1.5887571008445316
0 -0.15865303401160136
2 -0.06701251021085763
0 -0.7855730918277463
3 -0.19529282934798264
3 -0.13312351930267818
5 0.9272414225042315
1 1.7981443502809722
5 0.9116433854277632
4 0.26962588356448025
0 0.2563201805571253
1 0.6284904797621453
5 2.942299140383355
2 -1.5855572935309663
1 -0.3570252407029025
0 0.5935387075163835
4 -0.005944149294331513
0 -0.4897279871700797
1 0.06785865001249725
2 -0.7332040688607295
0 0.8606559026671801
3 0.97899397421666
3 0.9533408886914909
4 0.9840815497340076
1 0.9594441980170734
3 1.266014560139161
4 -1.6365685637067486
5 -0.5425037459776798
5 0.46373901278318164
4 -3.420732760093345
5 0.9241196524338937
0 0.8397246307407826
2 0.3157125307510984
3 -0.46464114814214386
4 -2.0005640590818565
1 1.0473863385882127
2 -0.6547858016259378
0 0.20398662648071503
0 1.1108918371808334
5 3.133223265203077
3 -0.3580091366908996
1 0.30902791094217713
3 1.5003103805704474
0 0.8293577361105254
1 -0.20993232807332113
5 0.9990996036369405
3 0.8589662553654394
5 2.315401603440585
0 -0.854748839858081
3 2.268275736950612
5 -1.086800365422171
4 -2.612282557869162
0 -0.5647097480763192
1 0.8505699879208086
1 1.5780341554494843
3 1.2124453376214221
3 0.3674976523675269
3 1.0950812200243427
2 0.5698787527216376
0 0.3683647785805389
3 0.6627129445455947
3 0.8214945986209115
4 -0.052216648401785415
5 1.490866394103575
5 0.6244759907291302
4 -3.410266331164542
3 1.414668232535155
4 0.18545822464840067
3 0.1082214018790123
5 -0.21505689339034384
4 -1.4003472784010613
2 -1.8579570397905125
2 -0.5789623528964788
0 -1.557714786877909
3 0.46445122822990814
2 -2.7310658724658623
4 0.7642568079167773
1 0.6749620268437492
1 0.79562924008775
3 1.9569596690331945
1 0.23024777447201228
0 0.4900770562260466
4 -1.9176206648848502
2 0.24972875565814912
3 1.1236168008810528
